5
in
100 5
77 92
22 22
29 87
50 46
99 90
out
133
in
200 8
79 83
58 14
86 54
11 79
28 72
62 52
15 48
68 62
out
334
in
300 10
95 89
75 59
23 19
73 43
50 100
22 72
6 44
57 16
89 7
98 64
out
388
in
1000 100
71 26
34 59
82 30
23 19
1 66
88 85
12 94
57 8
10 3
68 44
5 5
33 1
37 41
69 82
98 76
24 1
26 12
83 81
16 73
26 32
18 74
43 54
52 62
71 41
22 19
65 10
68 65
8 53
40 56
40 53
24 70
72 66
16 58
34 22
10 72
19 33
28 96
13 88
34 68
98 45
29 44
31 61
79 78
33 78
60 6
74 66
44 11
56 59
54 83
17 48
63 52
83 7
100 51
54 37
10 89
5 72
79 23
42 52
65 55
93 44
52 57
64 45
85 11
68 90
54 31
62 38
29 48
40 75
35 56
90 64
47 73
77 66
87 35
75 50
39 16
18 51
38 33
25 58
61 85
13 77
36 71
53 87
46 69
28 52
44 10
34 13
39 39
69 75
42 38
97 13
34 90
83 35
8 83
74 93
38 61
74 62
22 95
40 73
7 26
94 85
out
2614
in
1000 100
3 38
68 16
24 29
80 47
76 22
9 25
24 17
2 49
46 15
75 15
56 75
41 11
95 56
46 99
23 51
34 92
64 59
76 37
6 13
48 98
25 61
73 50
87 32
67 17
58 44
7 79
93 41
66 53
55 45
75 29
38 62
27 64
53 2
6 23
100 31
36 45
26 57
17 68
53 57
88 26
21 51
9 26
34 86
90 83
32 94
47 20
4 98
6 24
57 91
50 89
30 1
25 63
41 21
24 46
12 74
74 56
92 64
17 72
32 58
96 8
35 74
76 24
52 27
93 35
64 94
55 49
1 65
70 21
26 16
35 25
2 1
97 45
82 63
22 4
41 37
37 25
63 39
28 68
90 49
13 11
18 31
55 95
28 5
58 79
59 20
74 21
71 52
32 50
71 8
66 19
4 67
5 21
48 24
52 89
70 28
62 88
28 38
36 96
39 64
48 84
out
2558
